Bounds: X/Z [-3000 3000] (±3000 world border)
Total chest blocks in bounds: 2551
Double chest pairs found: 82

   1. (-2579 -28 -551) + (-2578 -28 -551)  center=(-2578.5 -28 -551.0)
   2. (-2545 73 -497) + (-2544 73 -497)  center=(-2544.5 73 -497.0)
   3. (-2405 32 -401) + (-2405 32 -400)  center=(-2405.0 32 -400.5)
   4. (-2250 -16 -731) + (-2249 -16 -731)  center=(-2249.5 -16 -731.0)
   5. (-2210 -42 -364) + (-2209 -42 -364)  center=(-2209.5 -42 -364.0)
   6. (-2127 -38 -138) + (-2127 -38 -137)  center=(-2127.0 -38 -137.5)
   7. (-1952 -47 -1105) + (-1951 -47 -1105)  center=(-1951.5 -47 -1105.0)
   8. (-1891 92 -199) + (-1891 92 -198)  center=(-1891.0 92 -198.5)
   9. (-1891 93 -198) + (-1891 93 -197)  center=(-1891.0 93 -197.5)
  10. (-1887 92 -195) + (-1886 92 -195)  center=(-1886.5 92 -195.0)
  11. (-1887 93 -195) + (-1886 93 -195)  center=(-1886.5 93 -195.0)
  12. (-1791 6 -1381) + (-1790 6 -1381)  center=(-1790.5 6 -1381.0)
  13. (-1773 -41 1365) + (-1772 -41 1365)  center=(-1772.5 -41 1365.0)
  14. (-1633 -9 -1145) + (-1633 -9 -1144)  center=(-1633.0 -9 -1144.5)
  15. (-1632 -5 1194) + (-1631 -5 1194)  center=(-1631.5 -5 1194.0)
  16. (-1604 -50 -1739) + (-1603 -50 -1739)  center=(-1603.5 -50 -1739.0)
  17. (-1554 114 -281) + (-1554 114 -280)  center=(-1554.0 114 -280.5)
  18. (-1407 -37 1206) + (-1407 -37 1207)  center=(-1407.0 -37 1206.5)
  19. (-1277 -39 1210) + (-1277 -39 1211)  center=(-1277.0 -39 1210.5)
  20. (-1187 36 -878) + (-1187 36 -877)  center=(-1187.0 36 -877.5)
  21. (-1139 -33 99) + (-1138 -33 99)  center=(-1138.5 -33 99.0)
  22. (-1094 -38 -776) + (-1094 -38 -775)  center=(-1094.0 -38 -775.5)
  23. (-953 23 1168) + (-953 23 1169)  center=(-953.0 23 1168.5)
  24. (-910 9 357) + (-910 9 358)  center=(-910.0 9 357.5)
  25. (-893 -40 -1143) + (-893 -40 -1142)  center=(-893.0 -40 -1142.5)
  26. (-877 -10 41) + (-877 -10 42)  center=(-877.0 -10 41.5)
  27. (-846 -54 -940) + (-846 -54 -939)  center=(-846.0 -54 -939.5)
  28. (-742 -30 278) + (-741 -30 278)  center=(-741.5 -30 278.0)
  29. (-669 -27 1399) + (-668 -27 1399)  center=(-668.5 -27 1399.0)
  30. (-568 -6 -969) + (-567 -6 -969)  center=(-567.5 -6 -969.0)
  31. (-555 -37 423) + (-554 -37 423)  center=(-554.5 -37 423.0)
  32. (-481 5 1307) + (-481 5 1308)  center=(-481.0 5 1307.5)
  33. (-457 -37 10) + (-457 -37 11)  center=(-457.0 -37 10.5)
  34. (-448 -32 724) + (-447 -32 724)  center=(-447.5 -32 724.0)
  35. (-351 -15 1599) + (-350 -15 1599)  center=(-350.5 -15 1599.0)
  36. (-339 -17 -170) + (-339 -17 -169)  center=(-339.0 -17 -169.5)
  37. (-292 -17 -362) + (-291 -17 -362)  center=(-291.5 -17 -362.0)
  38. (-242 -43 -866) + (-242 -43 -865)  center=(-242.0 -43 -865.5)
  39. (-210 3 1628) + (-210 3 1629)  center=(-210.0 3 1628.5)
  40. (-183 -7 -246) + (-183 -7 -245)  center=(-183.0 -7 -245.5)
  41. (-138 60 1056) + (-137 60 1056)  center=(-137.5 60 1056.0)
  42. (-130 -17 -1376) + (-130 -17 -1375)  center=(-130.0 -17 -1375.5)
  43. (-110 -21 377) + (-109 -21 377)  center=(-109.5 -21 377.0)
  44. (-66 56 -1389) + (-65 56 -1389)  center=(-65.5 56 -1389.0)
  45. (-61 -12 -1226) + (-61 -12 -1225)  center=(-61.0 -12 -1225.5)
  46. (-21 -33 454) + (-20 -33 454)  center=(-20.5 -33 454.0)
  47. (18 -19 934) + (18 -19 935)  center=(18.0 -19 934.5)
  48. (77 -5 -1536) + (77 -5 -1535)  center=(77.0 -5 -1535.5)
  49. (78 -49 -1413) + (79 -49 -1413)  center=(78.5 -49 -1413.0)
  50. (132 -47 1542) + (133 -47 1542)  center=(132.5 -47 1542.0)
  51. (147 -37 -1975) + (147 -37 -1974)  center=(147.0 -37 -1974.5)
  52. (185 5 1257) + (185 5 1258)  center=(185.0 5 1257.5)
  53. (185 5 1258) + (185 5 1259)  center=(185.0 5 1258.5)
  54. (185 10 1251) + (185 10 1252)  center=(185.0 10 1251.5)
  55. (187 -30 2001) + (188 -30 2001)  center=(187.5 -30 2001.0)
  56. (240 25 2075) + (240 25 2076)  center=(240.0 25 2075.5)
  57. (244 -51 -1417) + (245 -51 -1417)  center=(244.5 -51 -1417.0)
  58. (360 37 1782) + (360 37 1783)  center=(360.0 37 1782.5)
  59. (369 -39 -587) + (369 -39 -586)  center=(369.0 -39 -586.5)
  60. (406 -20 376) + (406 -20 377)  center=(406.0 -20 376.5)
  61. (428 21 -722) + (429 21 -722)  center=(428.5 21 -722.0)
  62. (500 -29 1509) + (500 -29 1510)  center=(500.0 -29 1509.5)
  63. (519 -25 1077) + (519 -25 1078)  center=(519.0 -25 1077.5)
  64. (696 -52 -600) + (696 -52 -599)  center=(696.0 -52 -599.5)
  65. (740 -18 -1232) + (741 -18 -1232)  center=(740.5 -18 -1232.0)
  66. (762 39 334) + (762 39 335)  center=(762.0 39 334.5)
  67. (774 -38 1642) + (774 -38 1643)  center=(774.0 -38 1642.5)
  68. (848 -1 59) + (849 -1 59)  center=(848.5 -1 59.0)
  69. (877 17 -786) + (877 17 -785)  center=(877.0 17 -785.5)
  70. (949 -44 -1367) + (949 -44 -1366)  center=(949.0 -44 -1366.5)
  71. (969 -44 1132) + (970 -44 1132)  center=(969.5 -44 1132.0)
  72. (969 -6 77) + (970 -6 77)  center=(969.5 -6 77.0)
  73. (982 -5 190) + (982 -5 191)  center=(982.0 -5 190.5)
  74. (1011 10 -820) + (1012 10 -820)  center=(1011.5 10 -820.0)
  75. (1025 12 -584) + (1025 12 -583)  center=(1025.0 12 -583.5)
  76. (1051 -23 1103) + (1051 -23 1104)  center=(1051.0 -23 1103.5)
  77. (1144 4 333) + (1144 4 334)  center=(1144.0 4 333.5)
  78. (1284 -16 1046) + (1285 -16 1046)  center=(1284.5 -16 1046.0)
  79. (1315 -2 288) + (1315 -2 289)  center=(1315.0 -2 288.5)
  80. (1420 -19 -111) + (1421 -19 -111)  center=(1420.5 -19 -111.0)
  81. (1425 30 -2828) + (1426 30 -2828)  center=(1425.5 30 -2828.0)
  82. (1476 -54 -300) + (1477 -54 -300)  center=(1476.5 -54 -300.0)
